{
	"asset":{
		"version":"2.0",
		"generator":"Houdini GLTF 2.0 Exporter"
	},
	"accessors":[
		{
			"bufferView":0,
			"componentType":5121,
			"count":3,
			"type":"SCALAR",
			"min":[0
			],
			"max":[2
			]
		},
		{
			"bufferView":1,
			"componentType":5126,
			"count":3,
			"type":"VEC3",
			"min":[0,0,-8.5418651e-05
			],
			"max":[0.000148005973,6.2305211e-05,1.41452401e-05
			]
		},
		{
			"bufferView":2,
			"componentType":5126,
			"count":3,
			"type":"VEC2",
			"min":[0,1
			],
			"max":[0,1
			]
		},
		{
			"bufferView":3,
			"componentType":5126,
			"count":3,
			"type":"VEC3",
			"min":[0.0995523632,-0.806163967,-0.583257258
			],
			"max":[0.0995523632,-0.806163967,-0.583257258
			]
		}
	],
	"buffers":[
		{
			"uri":"knob_mat_data.bin",
			"byteLength":100
		}
	],
	"bufferViews":[
		{
			"buffer":0,
			"byteLength":3,
			"target":34963
		},
		{
			"buffer":0,
			"byteOffset":4,
			"byteLength":36,
			"target":34962
		},
		{
			"buffer":0,
			"byteOffset":40,
			"byteLength":24,
			"target":34962
		},
		{
			"buffer":0,
			"byteOffset":64,
			"byteLength":36,
			"target":34962
		}
	],
	"nodes":[
		{
			"children":[1,2,3,4,5,6,7,8,9,10,11,12,13,14,15,16,17,18,19,20,21,22,23,24,25,26,27,28,29,30,31,32,33,34,35,36,37,38,39,40
			]
		},
		{
			"matrix":[-0.82172209,0.483743757,-0.301271945,0,-0.517028153,-0.410459787,0.751135588,0,0.239697143,0.772990763,0.587392986,0,0.13411881,-0.560199618,-0.467461377,1
			],
			"mesh":0
		},
		{
			"matrix":[-0.0117293913,0.922132015,-0.386697531,0,-0.999569297,-0.0212162882,-0.0202739313,0,-0.0268995259,0.386293173,0.921983719,0,0.23893407,-0.363763452,-0.677184343,1
			],
			"mesh":0
		},
		{
			"matrix":[0.0498383157,0.650367796,0.75798279,0,-0.997818232,0.0653256625,0.00955678057,0,-0.0433003046,-0.756805301,0.652204573,0,0.238482237,0.54398334,-0.545717359,1
			],
			"mesh":0
		},
		{
			"matrix":[0.0290450547,0.237156451,0.971037209,0,-0.996118128,-0.0738904849,0.0478415377,0,0.0830963403,-0.968657315,0.234089687,0,0.247552291,0.734773278,-0.0973275676,1
			],
			"mesh":0
		},
		{
			"matrix":[-0.829394162,0.0706809536,0.554174662,0,-0.540681005,-0.351211518,-0.764404655,0,0.140603676,-0.933624506,0.329508632,0,0.126736209,0.623591602,-0.401035994,1
			],
			"mesh":0
		},
		{
			"matrix":[0.832838833,0.167259902,0.527639687,0,-0.51270324,-0.126140729,0.849249005,0,0.20860216,-0.977810144,-0.0193002,0,0.13444446,0.735596776,0.220516428,1
			],
			"mesh":0
		},
		{
			"matrix":[0.844701231,0.195906222,-0.498096913,0,0.52441287,-0.489138991,0.696946323,0,-0.107102506,-0.849919856,-0.515912056,0,0.361709297,0.65344429,0.407648206,1
			],
			"mesh":0
		},
		{
			"matrix":[0.847659588,-0.376056045,0.374239326,0,-0.523960114,-0.704137623,0.479224354,0,0.0833007768,-0.602305591,-0.793907404,0,0.12495105,0.479211032,0.568024158,1
			],
			"mesh":0
		},
		{
			"matrix":[0.857176483,0.451533228,-0.247722015,0,0.514171481,-0.722622216,0.462000877,0,0.0295993146,-0.523387909,-0.851580262,0,0.37013796,0.272265255,0.717322409,1
			],
			"mesh":0
		},
		{
			"matrix":[0.815185905,0.578681052,-0.0244981851,0,-0.520040035,0.749890268,0.40892902,0,0.255010426,-0.320613116,0.912237287,0,0.136100307,0.419668496,-0.618664265,1
			],
			"mesh":0
		},
		{
			"matrix":[-0.00715637766,0.955203772,-0.295862377,0,0.986616254,0.054943759,0.153523698,0,0.162902206,-0.290803939,-0.9428128,0,0.25604865,0.108151287,0.779841185,1
			],
			"mesh":0
		},
		{
			"matrix":[0.849893153,0.52685684,0.0101742223,0,0.5107705,-0.818888128,-0.261793256,0,-0.129596025,0.227692991,-0.965070367,0,0.358717352,-0.178205311,0.752923489,1
			],
			"mesh":0
		},
		{
			"matrix":[0.83849144,-0.483921826,-0.250503004,0,-0.538463414,-0.66529274,-0.517148614,0,0.0836016834,0.568511426,-0.818416476,0,0.12297187,-0.376145929,0.643116772,1
			],
			"mesh":0
		},
		{
			"matrix":[0.864032507,0.362141937,0.34971565,0,0.502161503,-0.669358253,-0.547533929,0,0.0358000435,0.648700833,-0.760201037,0,0.369102538,-0.59137857,0.486337841,1
			],
			"mesh":0
		},
		{
			"matrix":[-0.0139184073,0.996748149,0.0793685913,0,-0.992469788,-0.0234320685,0.120227322,0,0.121696137,-0.0770975575,0.989568591,0,0.250055224,0.122750998,-0.721344948,1
			],
			"mesh":0
		},
		{
			"matrix":[-0.831406176,0.53960377,0.13263315,0,-0.527352273,-0.841456652,0.117687248,0,0.175109521,0.0279015172,0.984153509,0,0.129181892,-0.204682797,-0.704449594,1
			],
			"mesh":0
		},
		{
			"matrix":[0.0479656085,0.566697955,0.822528243,0,0.981997728,-0.177377775,0.0649430528,0,0.182701319,0.804605842,-0.56500411,0,0.255938053,-0.696950555,0.352558434,1
			],
			"mesh":0
		},
		{
			"matrix":[0.860144019,0.110713296,0.497890353,0,0.503674805,-0.0305009447,-0.863354743,0,-0.0803987235,0.993384242,-0.0819987059,0,0.360976011,-0.76530093,0.069324784,1
			],
			"mesh":0
		},
		{
			"matrix":[0.828696609,0.0427177548,-0.558065534,0,-0.541777134,0.311514258,-0.780664086,0,0.140497148,0.949280798,0.281294316,0,0.125703976,-0.710433006,-0.146849394,1
			],
			"mesh":0
		},
		{
			"matrix":[0.861199915,-0.266146004,0.433013886,0,0.499723643,0.287833422,-0.816962779,0,0.0927955136,0.919955552,0.380881578,0,0.37254703,-0.640706003,-0.407331795,1
			],
			"mesh":0
		},
		{
			"matrix":[0.0365245454,-0.818866491,-0.572820723,0,-0.995838225,-0.0777183026,0.0476036817,0,-0.0834997147,0.568698108,-0.818297207,0,-0.250297338,-0.327142358,0.690197468,1
			],
			"mesh":0
		},
		{
			"matrix":[-0.00719431043,-0.955315828,0.295499355,0,-0.98674947,0.0546825528,0.152758792,0,-0.162091553,-0.290484846,-0.943050861,0,-0.254412919,0.107748449,0.779848874,1
			],
			"mesh":0
		},
		{
			"matrix":[-0.0241378378,-0.795317054,0.60571295,0,-0.996281862,0.0692606717,0.0512389615,0,-0.0827032998,-0.602223992,-0.794031739,0,-0.249447942,0.543678284,0.532296896,1
			],
			"mesh":0
		},
		{
			"matrix":[-0.043952629,-0.0100947591,0.998982608,0,-0.977310181,0.207827166,-0.0408989936,0,-0.207202867,-0.978113472,-0.0190002602,0,-0.256422162,0.763382316,0.146298736,1
			],
			"mesh":0
		},
		{
			"matrix":[-0.0421741456,0.338404626,0.940055132,0,-0.989252687,0.11770004,-0.0867514312,0,-0.14000161,-0.933610737,0.329803795,0,-0.253148645,0.662766755,-0.344352007,1
			],
			"mesh":0
		},
		{
			"matrix":[-0.0125474697,0.94471401,0.327655256,0,-0.966940284,0.0720012859,-0.24462688,0,-0.254694045,-0.319892526,0.912578583,0,-0.259627283,0.363168418,-0.67313379,1
			],
			"mesh":0
		},
		{
			"matrix":[0.00662398664,0.999595284,-0.0276658852,0,-0.984458089,0.00166325283,-0.175611869,0,-0.175494775,0.0283991545,0.984070659,0,-0.256233662,-0.134169608,-0.728984535,1
			],
			"mesh":0
		},
		{
			"matrix":[0.0432676375,0.612824321,-0.789033711,0,-0.969657958,-0.164443269,-0.180891693,0,-0.240606114,0.772919595,0.58711493,0,-0.259681582,-0.539657772,-0.545416772,1
			],
			"mesh":0
		},
		{
			"matrix":[0.0548519082,0.291285932,-0.955062151,0,-0.98848933,-0.119225606,-0.0931345373,0,-0.14099665,0.949177384,0.281393319,0,-0.254497021,-0.746384859,-0.0895282999,1
			],
			"mesh":0
		},
		{
			"matrix":[0.047937274,-0.566320419,-0.822789907,0,-0.981942892,-0.177639022,0.0650578514,0,-0.183003187,0.804813981,-0.564609826,0,-0.256436974,-0.697201133,0.35226059,1
			],
			"mesh":0
		},
		{
			"matrix":[-0.847481906,-0.480018944,-0.226619229,0,-0.514884949,0.847190082,0.13100563,0,0.129104376,0.227707729,-0.965132773,0,-0.358518213,-0.0392858833,0.785657465,1
			],
			"mesh":0
		},
		{
			"matrix":[-0.857307971,-0.424810946,0.290789843,0,-0.513958037,0.738646865,-0.436174273,0,-0.0294994041,-0.523389459,-0.851582825,0,-0.369173616,0.394089937,0.642405748,1
			],
			"mesh":0
		},
		{
			"matrix":[-0.857952833,-0.340610713,0.38457942,0,-0.50263083,0.401789308,-0.765459061,0,0.106203653,-0.85002923,-0.515917718,0,-0.358767688,0.727683008,0.285683483,1
			],
			"mesh":0
		},
		{
			"matrix":[-0.857392311,0.188893169,0.478746116,0,-0.507975698,-0.161121473,-0.84616816,0,-0.0826990977,-0.968689442,0.234097451,0,-0.372387826,0.727455139,-0.172072098,1
			],
			"mesh":0
		},
		{
			"matrix":[-0.863010883,0.300599754,0.406019658,0,-0.503335059,-0.580358386,-0.640185893,0,0.0431972221,-0.756851315,0.652158022,0,-0.363497198,0.489975482,-0.600028455,1
			],
			"mesh":0
		},
		{
			"matrix":[-0.847839713,0.526466906,-0.0632492825,0,-0.516098738,-0.846692741,-0.12943536,0,-0.121696137,-0.0770975575,0.989568591,0,-0.376260489,0.0539144762,-0.742224336,1
			],
			"mesh":0
		},
		{
			"matrix":[-0.856051624,0.485194623,-0.178218305,0,-0.516184688,-0.784451783,0.343786001,0,0.0269994512,0.38629213,0.921981215,0,-0.366192579,-0.42758891,-0.646760643,1
			],
			"mesh":0
		},
		{
			"matrix":[-0.844177544,0.129861698,-0.520096362,0,-0.527916431,-0.369903713,0.764509976,0,-0.0931050107,0.919949532,0.380820513,0,-0.375539571,-0.695575237,-0.275481313,1
			],
			"mesh":0
		},
		{
			"matrix":[-0.847973228,0.0252370425,-0.5294379,0,-0.523860037,0.112171084,0.844386339,0,0.0806974322,0.993368387,-0.0818973929,0,-0.363118052,-0.753424227,0.211724594,1
			],
			"mesh":0
		},
		{
			"matrix":[-0.849451244,-0.420474946,-0.318799973,0,-0.52645129,0.634340644,0.56609273,0,-0.0358000435,0.648700833,-0.760201037,0,-0.371127129,-0.482671261,0.579186022,1
			],
			"mesh":0
		}
	],
	"meshes":[
		{
			"primitives":[
				{
					"attributes":{
						"NORMAL":3,
						"TEXCOORD_0":2,
						"POSITION":1
					},
					"indices":0
				}
			],
			"name":"knobs"
		}
	],
	"scenes":[
		{
			"nodes":[0
			]
		}
	],
	"scene":0
}
